
324.0
355.0
393.0
304.0
256.0
296.0
236.0
222.0
183.0
127.0
166.0
158.0
128.0
148.0
134.0
150.0
146.0
171.0
162.0
164.0
171.0
153.0
154.0
183.0
165.0
141.0
231.0
251.0
153.0
218.0
193.0
213.0
217.0
156.0
138.0
296.0
299.0
312.0
228.0
202.0
225.0
242.0
282.0
299.0
315.0
306.0
291.0
255.0
227.0
306.0
241.0
286.0
259.0
272.0
254.0
227.0
265.0
312.0
316.0
284.0
300.0
341.0
327.0
348.0
334.0
318.0
319.0
343.0
329.0
289.0
254.0
254.0
284.0
300.0
299.0
255.0
217.0
357.0
334.0
359.0
339.0
336.0
344.0
365.0
378.0
339.0
222.0
